{
 "cells": [
  {
   "cell_type": "code",
   "execution_count": 1,
   "metadata": {},
   "outputs": [],
   "source": [
    "import numpy as np\n",
    "import scipy\n",
    "import time\n",
    "import math\n",
    "from scipy.stats import norm\n",
    "\n",
    "import mystic\n",
    "from mystic.solvers import DifferentialEvolutionSolver, diffev2\n",
    "from mystic.strategy import Best1Bin\n",
    "from mystic.monitors import Monitor,VerboseMonitor\n",
    "\n",
    "from copy import deepcopy\n",
    "\n",
    "from Tomography import *\n",
    "\n",
    "from NestedForLoop import get_iterator\n",
    "from pathlib import Path\n",
    "from scipy.linalg import sqrtm\n",
    "\n",
    "import matplotlib.pyplot as plt\n",
    "from scipy.optimize import curve_fit\n",
    "\n",
    "import os\n",
    "import glob\n",
    "\n",
    "import pandas as pd\n",
    "\n",
    "from scipy.optimize import least_squares\n",
    "\n",
    "import fnmatch"
   ]
  },
  {
   "cell_type": "code",
   "execution_count": 2,
   "metadata": {},
   "outputs": [],
   "source": [
    "# Order and names in the pseudocode\n",
    "# x=(22.5,0) y=(0,-45) z=(0,0) a=(45,0)\n",
    "# Channels: 1 2 3 4 13 14 23 24\n",
    "\n",
    "## Matching the datafile name with the respective input and measurement basis\n",
    "MBasisList=['x','y','z'] #in order: D L H\n",
    "\n",
    "BasesO=['DD','DL','DH','LD','LL','LH', 'HD','HL', 'HH']"
   ]
  },
  {
   "cell_type": "code",
   "execution_count": 3,
   "metadata": {},
   "outputs": [],
   "source": [
    "def FindingFile(containing, filenames):\n",
    "    for file in filenames:\n",
    "         if fnmatch.fnmatch(file, 'Bigiteration_0_'+containing+'_*'):\n",
    "            return file\n",
    "    print('No file containing: Bigiteration_0_', containing, '...')\n",
    "    pass"
   ]
  },
  {
   "cell_type": "code",
   "execution_count": 4,
   "metadata": {},
   "outputs": [],
   "source": [
    "### Getting the number of necessary files\n",
    "n_files=0\n",
    "working_dir=r\"G:\\Other computers\\Mon ordinateur\\ChannelCertification\\SteeringHonest\"\n",
    "os.chdir(working_dir)\n",
    "\n",
    "filenames = [i for i in glob.glob(\"Channel*\")]\n",
    "filenames.sort(key=os.path.getmtime)\n",
    "for index, filename in enumerate(filenames):\n",
    "    os.chdir(working_dir+'\\\\'+filename)\n",
    "    filenames_aux=[i for i in glob.glob(\"StateTomography*\")]\n",
    "    for index_second, filenames_aux_second in enumerate(filenames_aux):\n",
    "        n_files+=1\n",
    "        print"
   ]
  },
  {
   "cell_type": "code",
   "execution_count": 23,
   "metadata": {},
   "outputs": [
    {
     "name": "stdout",
     "output_type": "stream",
     "text": [
      "\n",
      " Eff:  [0.96624725 0.00352586 0.00391758 1.        ]\n",
      "\n",
      " Eff:  [0.96624725 0.00352586 0.00391758 1.        ]\n"
     ]
    }
   ],
   "source": [
    "working_dir=r\"G:\\Other computers\\Mon ordinateur\\ChannelCertification\\SteeringHonest\"\n",
    "\n",
    "os.chdir(working_dir+'\\ChannelSTSteeringHonest202205241718\\StateTomography202205241843AfterChannel\\StateTomo')\n",
    "datafiles=[i for i in glob.glob(\"*\")]\n",
    "\n",
    "##################### STATE TOMOGRAPHY ##############################\n",
    "\n",
    "##Calculating the efficiencies of each detector\n",
    "eff=np.array(['zz', 'za', 'az', 'aa'])\n",
    "for w in range(4):\n",
    "    file=FindingFile(eff[w], datafiles)\n",
    "    with open(file) as file:\n",
    "        \n",
    "        efficiencies1=np.zeros(4, dtype=float)\n",
    "        efficiencies2=np.zeros(8, dtype=float)\n",
    "        \n",
    "        for line in file:\n",
    "            fields = line.split()\n",
    "            for iter, field in enumerate(fields[4:8]):\n",
    "            #for iter in range (len(fields[4:8])):\n",
    "                efficiencies1[iter]+=float(float(field))#fields[iter])\n",
    "            for iter in range (len(fields)-7):\n",
    "                efficiencies2[iter]+=float(fields[iter])\n",
    "print('\\n Eff: ', efficiencies1/np.max(efficiencies1))\n",
    "print('\\n Eff: ', efficiencies2[4:]/np.max(efficiencies2[4:]))\n",
    "    \n"
   ]
  },
  {
   "cell_type": "code",
   "execution_count": 6,
   "metadata": {
    "scrolled": true
   },
   "outputs": [
    {
     "name": "stdout",
     "output_type": "stream",
     "text": [
      "0 StateTomography202205241431\n",
      "Output basis:  DD ; Sum of counts normalized:  1.0\n",
      "Output basis:  DL ; Sum of counts normalized:  0.9941471239083554\n",
      "Output basis:  DH ; Sum of counts normalized:  0.9951254310972806\n",
      "Output basis:  LD ; Sum of counts normalized:  0.9927190907986649\n",
      "Output basis:  LL ; Sum of counts normalized:  0.9944295764684561\n",
      "Output basis:  LH ; Sum of counts normalized:  0.9932491169381302\n",
      "Output basis:  HD ; Sum of counts normalized:  0.9942067307710705\n",
      "Output basis:  HL ; Sum of counts normalized:  0.99415107426836\n",
      "Output basis:  HH ; Sum of counts normalized:  0.9997745249547485\n",
      "\n",
      " Fast maximum likelihood estimation: \n",
      " [[ 1.67744046e-03+5.14125051e-19j -3.19175496e-03+3.85565181e-03j\n",
      "   2.84530774e-03-1.54189807e-03j -1.10359875e-05+7.27389251e-04j]\n",
      " [-3.19175496e-03-3.85565181e-03j  5.01967965e-01-2.44879207e-19j\n",
      "  -4.95047782e-01+3.44449026e-03j  5.67884296e-05-2.07955184e-03j]\n",
      " [ 2.84530774e-03+1.54189807e-03j -4.95047782e-01-3.44449026e-03j\n",
      "   4.94426776e-01-2.41200326e-19j -3.76724355e-04+2.38422395e-04j]\n",
      " [-1.10359875e-05-7.27389251e-04j  5.67884296e-05+2.07955184e-03j\n",
      "  -3.76724355e-04-2.38422395e-04j  1.92781853e-03-2.80455181e-20j]] \n",
      "\n",
      "1 StateTomography202205241843AfterChannel\n",
      "Output basis:  DD ; Sum of counts normalized:  1.0\n",
      "Output basis:  DL ; Sum of counts normalized:  0.994994381681717\n",
      "Output basis:  DH ; Sum of counts normalized:  0.9957827671848808\n",
      "Output basis:  LD ; Sum of counts normalized:  0.99231543438799\n",
      "Output basis:  LL ; Sum of counts normalized:  0.9988516019361038\n",
      "Output basis:  LH ; Sum of counts normalized:  0.9940162017853724\n",
      "Output basis:  HD ; Sum of counts normalized:  0.9913280696071551\n",
      "Output basis:  HL ; Sum of counts normalized:  0.9941024964817178\n",
      "Output basis:  HH ; Sum of counts normalized:  0.9989936993403983\n",
      "\n",
      " Fast maximum likelihood estimation: \n",
      " [[ 4.88486417e-03-5.77663424e-19j  3.20351986e-03+4.96650518e-03j\n",
      "   5.21079035e-03-3.40452430e-04j  1.28180008e-04+1.99515991e-03j]\n",
      " [ 3.20351986e-03-4.96650518e-03j  5.00971447e-01-9.80578318e-17j\n",
      "   4.93627653e-01+6.04321451e-03j  1.10410170e-03-7.62053493e-03j]\n",
      " [ 5.21079035e-03+3.40452430e-04j  4.93627653e-01-6.04321451e-03j\n",
      "   4.93166599e-01+9.64616345e-17j -1.21016676e-03-6.57965342e-03j]\n",
      " [ 1.28180008e-04-1.99515991e-03j  1.10410170e-03+7.62053493e-03j\n",
      "  -1.21016676e-03+6.57965342e-03j  9.77090111e-04+2.17386074e-18j]] \n",
      "\n",
      "1 StateTomography202205241900BeforeChannel\n",
      "Output basis:  DD ; Sum of counts normalized:  0.9943466295512001\n",
      "Output basis:  DL ; Sum of counts normalized:  1.0\n",
      "Output basis:  DH ; Sum of counts normalized:  0.9933425481243014\n",
      "Output basis:  LD ; Sum of counts normalized:  0.9941154523851967\n",
      "Output basis:  LL ; Sum of counts normalized:  0.9964139003507749\n",
      "Output basis:  LH ; Sum of counts normalized:  0.9975667249405397\n",
      "Output basis:  HD ; Sum of counts normalized:  0.9960860557496564\n",
      "Output basis:  HL ; Sum of counts normalized:  0.9951679251368655\n",
      "Output basis:  HH ; Sum of counts normalized:  0.9991788063477722\n",
      "\n",
      " Fast maximum likelihood estimation: \n",
      " [[ 0.47268668-4.51348864e-17j  0.12459796-2.93381081e-02j\n",
      "   0.06721328+1.03698711e-01j -0.30647735-3.45694948e-01j]\n",
      " [ 0.12459796+2.93381081e-02j  0.03533606+1.70006449e-17j\n",
      "   0.01005787+3.18258709e-02j -0.05993885-1.12015747e-01j]\n",
      " [ 0.06721328-1.03698711e-01j  0.01005787-3.18258709e-02j\n",
      "   0.03468578+4.86395881e-18j -0.11919952+2.17745435e-02j]\n",
      " [-0.30647735+3.45694948e-01j -0.05993885+1.12015747e-01j\n",
      "  -0.11919952-2.17745435e-02j  0.45729148+2.32702827e-17j]] \n",
      "\n",
      "2 StateTomography202205242247AfterChannel\n",
      "Output basis:  DD ; Sum of counts normalized:  1.0\n",
      "Output basis:  DL ; Sum of counts normalized:  0.9964742190176552\n",
      "Output basis:  DH ; Sum of counts normalized:  0.9966723128146436\n",
      "Output basis:  LD ; Sum of counts normalized:  0.9938035404387995\n",
      "Output basis:  LL ; Sum of counts normalized:  0.993259054575894\n",
      "Output basis:  LH ; Sum of counts normalized:  0.9905357003598825\n",
      "Output basis:  HD ; Sum of counts normalized:  0.9948123583823164\n",
      "Output basis:  HL ; Sum of counts normalized:  0.9937241474697652\n",
      "Output basis:  HH ; Sum of counts normalized:  0.9988585069534408\n",
      "\n",
      " Fast maximum likelihood estimation: \n",
      " [[ 4.71385025e-03-6.46570118e-19j  3.43500434e-03+6.62645567e-03j\n",
      "   4.90337026e-03+8.86262215e-04j -3.00070739e-05+1.06636764e-03j]\n",
      " [ 3.43500434e-03-6.62645567e-03j  5.00917731e-01+2.77808704e-17j\n",
      "   4.93386465e-01+1.18152922e-02j  3.21719470e-04-7.86096404e-03j]\n",
      " [ 4.90337026e-03-8.86262215e-04j  4.93386465e-01-1.18152922e-02j\n",
      "   4.93970214e-01-2.77306316e-17j -1.30547634e-03-7.51321775e-03j]\n",
      " [-3.00070739e-05-1.06636764e-03j  3.21719470e-04+7.86096404e-03j\n",
      "  -1.30547634e-03+7.51321775e-03j  3.98205096e-04+5.96331303e-19j]] \n",
      "\n",
      "2 StateTomography202205250806BeforeChannel\n",
      "Output basis:  DD ; Sum of counts normalized:  0.9986031557412377\n",
      "Output basis:  DL ; Sum of counts normalized:  1.0\n",
      "Output basis:  DH ; Sum of counts normalized:  0.9995362182935784\n",
      "Output basis:  LD ; Sum of counts normalized:  0.9977104125214079\n",
      "Output basis:  LL ; Sum of counts normalized:  0.9971626129083208\n",
      "Output basis:  LH ; Sum of counts normalized:  0.9979453093412014\n",
      "Output basis:  HD ; Sum of counts normalized:  0.9975892807034271\n",
      "Output basis:  HL ; Sum of counts normalized:  0.9948845010708812\n",
      "Output basis:  HH ; Sum of counts normalized:  0.9986819207593345\n",
      "\n",
      " Fast maximum likelihood estimation: \n",
      " [[ 0.48851313-2.81856090e-17j -0.02591864-8.73854582e-02j\n",
      "   0.08014548-4.69326550e-02j  0.36533277+3.06629431e-01j]\n",
      " [-0.02591864+8.73854582e-02j  0.01961809-3.92524623e-17j\n",
      "   0.00476692+1.71442089e-02j -0.07289337+4.46102529e-02j]\n",
      " [ 0.08014548+4.69326550e-02j  0.00476692-1.71442089e-02j\n",
      "   0.01784526+3.11148872e-18j  0.03025387+8.41727964e-02j]\n",
      " [ 0.36533277-3.06629431e-01j -0.07289337-4.46102529e-02j\n",
      "   0.03025387-8.41727964e-02j  0.47402352+6.43265826e-17j]] \n",
      "\n",
      "3 StateTomography202205260806BeforeChannel\n",
      "Output basis:  DD ; Sum of counts normalized:  0.9977679635048087\n",
      "Output basis:  DL ; Sum of counts normalized:  0.9947276562320359\n",
      "Output basis:  DH ; Sum of counts normalized:  0.9956029742823602\n",
      "Output basis:  LD ; Sum of counts normalized:  0.9944898047727871\n",
      "Output basis:  LL ; Sum of counts normalized:  1.0\n",
      "Output basis:  LH ; Sum of counts normalized:  0.9951958857220512\n",
      "Output basis:  HD ; Sum of counts normalized:  0.9930944399628665\n",
      "Output basis:  HL ; Sum of counts normalized:  0.9924822216803586\n",
      "Output basis:  HH ; Sum of counts normalized:  0.9953852736968639\n",
      "\n",
      " Fast maximum likelihood estimation: \n",
      " [[ 5.01039118e-01+5.96540093e-18j  9.68869838e-04+8.22769880e-04j\n",
      "   6.07389037e-03-4.59000774e-03j -4.93558732e-01-1.78346844e-02j]\n",
      " [ 9.68869838e-04-8.22769880e-04j  4.33359953e-03+7.51337233e-21j\n",
      "  -2.46317482e-04+1.04121711e-03j  2.45292870e-05+4.40025322e-04j]\n",
      " [ 6.07389037e-03+4.59000774e-03j -2.46317482e-04-1.04121711e-03j\n",
      "   1.60313968e-03+1.11199658e-19j -4.69892488e-03-2.59549773e-03j]\n",
      " [-4.93558732e-01+1.78346844e-02j  2.45292870e-05-4.40025322e-04j\n",
      "  -4.69892488e-03+2.59549773e-03j  4.93024143e-01-6.08411396e-18j]] \n",
      "\n",
      "3 StateTomography202205251816AfterChannel\n",
      "Output basis:  DD ; Sum of counts normalized:  0.9964409702094087\n",
      "Output basis:  DL ; Sum of counts normalized:  0.9924387408710932\n",
      "Output basis:  DH ; Sum of counts normalized:  0.9903806100506298\n",
      "Output basis:  LD ; Sum of counts normalized:  0.9923914025521418\n",
      "Output basis:  LL ; Sum of counts normalized:  0.9892507279062919\n",
      "Output basis:  LH ; Sum of counts normalized:  0.9906462595852693\n",
      "Output basis:  HD ; Sum of counts normalized:  1.0\n",
      "Output basis:  HL ; Sum of counts normalized:  0.9918928548550761\n",
      "Output basis:  HH ; Sum of counts normalized:  0.9982986220677778\n",
      "\n",
      " Fast maximum likelihood estimation: \n",
      " [[ 0.00149716-9.43626502e-19j -0.00122559+1.18117667e-02j\n",
      "   0.00238302-1.07726198e-02j -0.00095411+8.64813230e-04j]\n",
      " [-0.00122559-1.18117667e-02j  0.505411  -1.31669180e-17j\n",
      "  -0.49475606+2.22845034e-03j  0.00423253+4.11419314e-03j]\n",
      " [ 0.00238302+1.07726198e-02j -0.49475606-2.22845034e-03j\n",
      "   0.49077659+1.45680740e-17j -0.0063852 -4.04326579e-03j]\n",
      " [-0.00095411-8.64813230e-04j  0.00423253-4.11419314e-03j\n",
      "  -0.0063852 +4.04326579e-03j  0.00231525-4.57529479e-19j]] \n",
      "\n",
      "4 StateTomography202205261508AfterChannel\n"
     ]
    },
    {
     "name": "stdout",
     "output_type": "stream",
     "text": [
      "Output basis:  DD ; Sum of counts normalized:  0.997102581031302\n",
      "Output basis:  DL ; Sum of counts normalized:  0.9948292991380286\n",
      "Output basis:  DH ; Sum of counts normalized:  0.9956388718049801\n",
      "Output basis:  LD ; Sum of counts normalized:  0.9985121947706863\n",
      "Output basis:  LL ; Sum of counts normalized:  1.0\n",
      "Output basis:  LH ; Sum of counts normalized:  0.9973630821267205\n",
      "Output basis:  HD ; Sum of counts normalized:  0.9983331203288319\n",
      "Output basis:  HL ; Sum of counts normalized:  0.9955469692171526\n",
      "Output basis:  HH ; Sum of counts normalized:  0.998137127802271\n",
      "\n",
      " Fast maximum likelihood estimation: \n",
      " [[ 2.08422189e-03-4.68834101e-19j  6.03307450e-03+6.89038091e-04j\n",
      "   5.68082320e-03-1.12850862e-03j -1.16420031e-04-9.97434918e-04j]\n",
      " [ 6.03307450e-03-6.89038091e-04j  4.97590437e-01+5.70400852e-17j\n",
      "   4.94571719e-01-3.96962165e-03j -5.22033669e-03+9.16664969e-04j]\n",
      " [ 5.68082320e-03+1.12850862e-03j  4.94571719e-01+3.96962165e-03j\n",
      "   4.98350409e-01-5.74546279e-17j -5.44259130e-03-1.46808425e-03j]\n",
      " [-1.16420031e-04+9.97434918e-04j -5.22033669e-03-9.16664969e-04j\n",
      "  -5.44259130e-03+1.46808425e-03j  1.97493217e-03+8.83376781e-19j]] \n",
      "\n",
      "4 StateTomography202205261526BeforeChannel\n",
      "Output basis:  DD ; Sum of counts normalized:  1.0\n",
      "Output basis:  DL ; Sum of counts normalized:  0.9969963823452684\n",
      "Output basis:  DH ; Sum of counts normalized:  0.9936468913087972\n",
      "Output basis:  LD ; Sum of counts normalized:  0.9938714392474807\n",
      "Output basis:  LL ; Sum of counts normalized:  0.996359178066844\n",
      "Output basis:  LH ; Sum of counts normalized:  0.9943953460045976\n",
      "Output basis:  HD ; Sum of counts normalized:  0.9949470469067722\n",
      "Output basis:  HL ; Sum of counts normalized:  0.9916890438128345\n",
      "Output basis:  HH ; Sum of counts normalized:  0.9985773177446942\n",
      "\n",
      " Fast maximum likelihood estimation: \n",
      " [[ 5.00456114e-01-6.55469178e-18j -1.24563055e-02-1.47038572e-02j\n",
      "   1.35511272e-02-1.31697228e-02j  4.92253727e-01-4.11259857e-02j]\n",
      " [-1.24563055e-02+1.47038572e-02j  3.25291449e-03+4.35442807e-18j\n",
      "   3.63121310e-04-5.11548839e-04j -1.12664790e-02+1.14316008e-02j]\n",
      " [ 1.35511272e-02+1.31697228e-02j  3.63121310e-04+5.11548839e-04j\n",
      "   1.83061282e-03-4.77975483e-19j  1.60444441e-02+1.14220335e-02j]\n",
      " [ 4.92253727e-01+4.11259857e-02j -1.12664790e-02-1.14316008e-02j\n",
      "   1.60444441e-02-1.14220335e-02j  4.94460359e-01+2.67823920e-18j]] \n",
      "\n",
      "5 StateTomography202205261838BeforeChannel\n",
      "Output basis:  DD ; Sum of counts normalized:  0.9969967922868833\n",
      "Output basis:  DL ; Sum of counts normalized:  0.9935298326769311\n",
      "Output basis:  DH ; Sum of counts normalized:  0.9938951423989264\n",
      "Output basis:  LD ; Sum of counts normalized:  0.9931142877957897\n",
      "Output basis:  LL ; Sum of counts normalized:  0.9947723674257543\n",
      "Output basis:  LH ; Sum of counts normalized:  0.9919019051000578\n",
      "Output basis:  HD ; Sum of counts normalized:  0.994486414214325\n",
      "Output basis:  HL ; Sum of counts normalized:  0.9945122163764477\n",
      "Output basis:  HH ; Sum of counts normalized:  1.0\n",
      "\n",
      " Fast maximum likelihood estimation: \n",
      " [[ 0.50248432+5.25075972e-18j  0.00976567+1.24411103e-02j\n",
      "  -0.0019804 +1.61862334e-02j  0.47945158-1.17365021e-01j]\n",
      " [ 0.00976567-1.24411103e-02j  0.00295891-1.24264150e-18j\n",
      "   0.00145553-3.59780039e-04j  0.00597367-1.85146946e-02j]\n",
      " [-0.0019804 -1.61862334e-02j  0.00145553+3.59780039e-04j\n",
      "   0.00180851+1.44115385e-19j -0.00442258-1.69991923e-02j]\n",
      " [ 0.47945158+1.17365021e-01j  0.00597367+1.85146946e-02j\n",
      "  -0.00442258+1.69991923e-02j  0.49274826-4.15223361e-18j]] \n",
      "\n",
      "5 StateTomography202205261814AfterChannel\n",
      "Output basis:  DD ; Sum of counts normalized:  1.0\n",
      "Output basis:  DL ; Sum of counts normalized:  0.9955174025940207\n",
      "Output basis:  DH ; Sum of counts normalized:  0.9945894476496581\n",
      "Output basis:  LD ; Sum of counts normalized:  0.9869746327384709\n",
      "Output basis:  LL ; Sum of counts normalized:  0.9881781515266516\n",
      "Output basis:  LH ; Sum of counts normalized:  0.9888009323057626\n",
      "Output basis:  HD ; Sum of counts normalized:  0.9966546327606035\n",
      "Output basis:  HL ; Sum of counts normalized:  0.9936066482318281\n",
      "Output basis:  HH ; Sum of counts normalized:  0.9988367318224546\n",
      "\n",
      " Fast maximum likelihood estimation: \n",
      " [[ 2.98714826e-03+1.13563373e-19j -2.72746002e-03-2.01753067e-03j\n",
      "  -2.36012478e-03-2.89288458e-03j  2.31633927e-04-2.61010473e-03j]\n",
      " [-2.72746002e-03+2.01753067e-03j  4.97791866e-01-2.81497890e-17j\n",
      "   4.94987012e-01+3.17504936e-03j  2.43224597e-03+2.18920095e-03j]\n",
      " [-2.36012478e-03+2.89288458e-03j  4.94987012e-01-3.17504936e-03j\n",
      "   4.96569978e-01+2.72942006e-17j  2.23313536e-03+1.26259828e-03j]\n",
      " [ 2.31633927e-04+2.61010473e-03j  2.43224597e-03-2.18920095e-03j\n",
      "   2.23313536e-03-1.26259828e-03j  2.65100705e-03+7.42025035e-19j]] \n",
      "\n",
      "6 StateTomography202205262104BeforeChannel\n",
      "Output basis:  DD ; Sum of counts normalized:  1.0\n",
      "Output basis:  DL ; Sum of counts normalized:  0.996646636120054\n",
      "Output basis:  DH ; Sum of counts normalized:  0.9958166481695659\n",
      "Output basis:  LD ; Sum of counts normalized:  0.9921326368749478\n",
      "Output basis:  LL ; Sum of counts normalized:  0.9928678328492468\n",
      "Output basis:  LH ; Sum of counts normalized:  0.9918067929130086\n",
      "Output basis:  HD ; Sum of counts normalized:  0.9941534742470464\n",
      "Output basis:  HL ; Sum of counts normalized:  0.9931529971808851\n",
      "Output basis:  HH ; Sum of counts normalized:  0.9945335952719516\n",
      "\n",
      " Fast maximum likelihood estimation: \n",
      " [[ 0.5005971 -1.31815823e-18j  0.01227341+2.14980734e-02j\n",
      "   0.00608489+2.43212260e-02j  0.43282899-2.37307852e-01j]\n",
      " [ 0.01227341-2.14980734e-02j  0.00419535+1.04317527e-17j\n",
      "   0.00323946-2.04716449e-03j -0.0015644 -2.71727961e-02j]\n",
      " [ 0.00608489-2.43212260e-02j  0.00323946+2.04716449e-03j\n",
      "   0.00457409+3.99773373e-18j -0.0054169 -2.74099350e-02j]\n",
      " [ 0.43282899+2.37307852e-01j -0.0015644 +2.71727961e-02j\n",
      "  -0.0054169 +2.74099350e-02j  0.49063346-1.31113282e-17j]] \n",
      "\n",
      "6 StateTomography202205262046AfterChannel\n",
      "Output basis:  DD ; Sum of counts normalized:  0.9980527097872354\n",
      "Output basis:  DL ; Sum of counts normalized:  0.9931931336492795\n",
      "Output basis:  DH ; Sum of counts normalized:  0.9931405542415167\n",
      "Output basis:  LD ; Sum of counts normalized:  0.9934171706123157\n",
      "Output basis:  LL ; Sum of counts normalized:  0.9939395829802543\n",
      "Output basis:  LH ; Sum of counts normalized:  0.9949785080483692\n",
      "Output basis:  HD ; Sum of counts normalized:  0.994740601610137\n",
      "Output basis:  HL ; Sum of counts normalized:  0.9949595079010123\n",
      "Output basis:  HH ; Sum of counts normalized:  1.0\n",
      "\n",
      " Fast maximum likelihood estimation: \n",
      " [[ 3.70693502e-03+1.96092631e-19j -5.57755173e-04-8.74080896e-03j\n",
      "  -6.57854548e-05-9.96888472e-03j  3.16623126e-04-3.07631539e-03j]\n",
      " [-5.57755173e-04+8.74080896e-03j  4.97450505e-01+1.12717594e-16j\n",
      "   4.94799319e-01-3.07421082e-03j  2.95935002e-04+9.36711208e-03j]\n",
      " [-6.57854548e-05+9.96888472e-03j  4.94799319e-01+3.07421082e-03j\n",
      "   4.95768482e-01-1.12802190e-16j  5.23416381e-04+8.63587117e-03j]\n",
      " [ 3.16623126e-04+3.07631539e-03j  2.95935002e-04-9.36711208e-03j\n",
      "   5.23416381e-04-8.63587117e-03j  3.07407864e-03-1.11496407e-19j]] \n",
      "\n",
      "7 StateTomography202205261102AfterChannel\n",
      "Output basis:  DD ; Sum of counts normalized:  0.996900142151687\n",
      "Output basis:  DL ; Sum of counts normalized:  0.9933668643432841\n",
      "Output basis:  DH ; Sum of counts normalized:  0.9949517641020801\n",
      "Output basis:  LD ; Sum of counts normalized:  0.9992325187909551\n",
      "Output basis:  LL ; Sum of counts normalized:  0.9979324752651563\n",
      "Output basis:  LH ; Sum of counts normalized:  0.9962423575038847\n",
      "Output basis:  HD ; Sum of counts normalized:  0.9995085694574489\n",
      "Output basis:  HL ; Sum of counts normalized:  0.9917795973814535\n",
      "Output basis:  HH ; Sum of counts normalized:  1.0\n",
      "\n",
      " Fast maximum likelihood estimation: \n",
      " [[ 2.83037915e-03-2.00147830e-19j -5.04779084e-04+4.03786793e-03j\n",
      "  -1.31924831e-03+4.23170239e-03j  3.56848613e-04-2.44564440e-03j]\n",
      " [-5.04779084e-04-4.03786793e-03j  4.96668987e-01+1.03616417e-16j\n",
      "   4.94979824e-01+2.03063213e-03j  1.07018046e-03-3.81396179e-03j]\n",
      " [-1.31924831e-03-4.23170239e-03j  4.94979824e-01-2.03063213e-03j\n",
      "   4.97893377e-01-1.04534446e-16j  1.00775968e-03-4.38516522e-03j]\n",
      " [ 3.56848613e-04+2.44564440e-03j  1.07018046e-03+3.81396179e-03j\n",
      "   1.00775968e-03+4.38516522e-03j  2.60725622e-03+1.11817632e-18j]] \n",
      "\n",
      "7 StateTomography202205271118BeforeChannel\n"
     ]
    },
    {
     "name": "stdout",
     "output_type": "stream",
     "text": [
      "Output basis:  DD ; Sum of counts normalized:  0.9987125870881224\n",
      "Output basis:  DL ; Sum of counts normalized:  0.9978989374433447\n",
      "Output basis:  DH ; Sum of counts normalized:  0.9944539342754454\n",
      "Output basis:  LD ; Sum of counts normalized:  0.9999041362321297\n",
      "Output basis:  LL ; Sum of counts normalized:  1.0\n",
      "Output basis:  LH ; Sum of counts normalized:  0.998561273164228\n",
      "Output basis:  HD ; Sum of counts normalized:  0.9926721017820015\n",
      "Output basis:  HL ; Sum of counts normalized:  0.9894791065929021\n",
      "Output basis:  HH ; Sum of counts normalized:  0.9932068238838814\n",
      "\n",
      " Fast maximum likelihood estimation: \n",
      " [[ 0.49533234+1.95067413e-17j  0.05053886+3.16480692e-03j\n",
      "  -0.02937885+3.80021038e-02j  0.34413912-3.50702702e-01j]\n",
      " [ 0.05053886-3.16480692e-03j  0.00736184+7.95434517e-18j\n",
      "  -0.00059513+2.24905903e-03j  0.03160327-3.93593988e-02j]\n",
      " [-0.02937885-3.80021038e-02j -0.00059513-2.24905903e-03j\n",
      "   0.00830165-2.34051133e-18j -0.04742569-8.01835552e-03j]\n",
      " [ 0.34413912+3.50702702e-01j  0.03160327+3.93593988e-02j\n",
      "  -0.04742569+8.01835552e-03j  0.48900417-2.51205751e-17j]] \n",
      "\n",
      "8 StateTomography202205271351BeforeChannel\n",
      "Output basis:  DD ; Sum of counts normalized:  0.9957601290347856\n",
      "Output basis:  DL ; Sum of counts normalized:  0.9969773773482492\n",
      "Output basis:  DH ; Sum of counts normalized:  0.9935169655275025\n",
      "Output basis:  LD ; Sum of counts normalized:  1.0\n",
      "Output basis:  LL ; Sum of counts normalized:  0.9934363423855854\n",
      "Output basis:  LH ; Sum of counts normalized:  0.9999936640383658\n",
      "Output basis:  HD ; Sum of counts normalized:  0.9928203249527539\n",
      "Output basis:  HL ; Sum of counts normalized:  0.9898873641022335\n",
      "Output basis:  HH ; Sum of counts normalized:  0.9940381624507725\n",
      "\n",
      " Fast maximum likelihood estimation: \n",
      " [[ 0.48535335-5.42173016e-17j  0.0940389 -1.75951706e-03j\n",
      "  -0.04194596+7.81183114e-02j  0.24051126-4.13950537e-01j]\n",
      " [ 0.0940389 +1.75951706e-03j  0.0202882 +1.31943642e-17j\n",
      "  -0.00622643+1.39089052e-02j  0.04700299-8.12784725e-02j]\n",
      " [-0.04194596-7.81183114e-02j -0.00622643-1.39089052e-02j\n",
      "   0.01934665+1.68046587e-18j -0.08762837-5.26468215e-03j]\n",
      " [ 0.24051126+4.13950537e-01j  0.04700299+8.12784725e-02j\n",
      "  -0.08762837+5.26468215e-03j  0.4750118 +3.93424715e-17j]] \n",
      "\n",
      "8 StateTomography202205271336AfterChannel\n",
      "Output basis:  DD ; Sum of counts normalized:  0.9981719897016961\n",
      "Output basis:  DL ; Sum of counts normalized:  0.9904528215683036\n",
      "Output basis:  DH ; Sum of counts normalized:  0.9942778286088141\n",
      "Output basis:  LD ; Sum of counts normalized:  0.9995949756370675\n",
      "Output basis:  LL ; Sum of counts normalized:  0.9999050689932754\n",
      "Output basis:  LH ; Sum of counts normalized:  1.0\n",
      "Output basis:  HD ; Sum of counts normalized:  0.9957223620452318\n",
      "Output basis:  HL ; Sum of counts normalized:  0.9930045064265242\n",
      "Output basis:  HH ; Sum of counts normalized:  0.9975164312521083\n",
      "\n",
      " Fast maximum likelihood estimation: \n",
      " [[ 3.45993537e-03+4.07816438e-19j  4.63449131e-03-3.88193048e-03j\n",
      "   4.90542198e-03-5.40586046e-03j  3.80356266e-04-2.31360841e-03j]\n",
      " [ 4.63449131e-03+3.88193048e-03j  4.99698411e-01+1.25195505e-16j\n",
      "   4.94435097e-01-9.10151771e-03j -4.34479876e-03+4.44951976e-03j]\n",
      " [ 4.90542198e-03+5.40586046e-03j  4.94435097e-01+9.10151771e-03j\n",
      "   4.94343816e-01-1.25053969e-16j -4.91280322e-03+4.78027184e-03j]\n",
      " [ 3.80356266e-04+2.31360841e-03j -4.34479876e-03-4.44951976e-03j\n",
      "  -4.91280322e-03-4.78027184e-03j  2.49783774e-03-5.49352530e-19j]] \n",
      "\n",
      "9 StateTomography202205261630BeforeChannel\n",
      "Output basis:  DD ; Sum of counts normalized:  0.9996157729807604\n",
      "Output basis:  DL ; Sum of counts normalized:  1.0\n",
      "Output basis:  DH ; Sum of counts normalized:  0.9973972095653778\n",
      "Output basis:  LD ; Sum of counts normalized:  0.9949848949103554\n",
      "Output basis:  LL ; Sum of counts normalized:  0.9902393152300925\n",
      "Output basis:  LH ; Sum of counts normalized:  0.9928627362823648\n",
      "Output basis:  HD ; Sum of counts normalized:  0.9922356434244265\n",
      "Output basis:  HL ; Sum of counts normalized:  0.9925697041102471\n",
      "Output basis:  HH ; Sum of counts normalized:  0.9964081173846159\n",
      "\n",
      " Fast maximum likelihood estimation: \n",
      " [[ 0.49015899+9.04565383e-18j  0.07989618+1.96290088e-03j\n",
      "  -0.00486923+7.64054254e-02j  0.07444444-4.76648113e-01j]\n",
      " [ 0.07989618-1.96290088e-03j  0.01473056+6.81276355e-18j\n",
      "   0.00083093+1.16684434e-02j  0.00885416-7.97265076e-02j]\n",
      " [-0.00486923-7.64054254e-02j  0.00083093-1.16684434e-02j\n",
      "   0.0146387 +1.92798467e-17j -0.0744249 -7.18799601e-03j]\n",
      " [ 0.07444444+4.76648113e-01j  0.00885416+7.97265076e-02j\n",
      "  -0.0744249 +7.18799601e-03j  0.48047175-3.51382640e-17j]] \n",
      "\n",
      "9 StateTomography202205271614AfterChannel\n",
      "Output basis:  DD ; Sum of counts normalized:  0.9945633318702043\n",
      "Output basis:  DL ; Sum of counts normalized:  0.9930019482527045\n",
      "Output basis:  DH ; Sum of counts normalized:  0.9930095699987629\n",
      "Output basis:  LD ; Sum of counts normalized:  0.9918788366484553\n",
      "Output basis:  LL ; Sum of counts normalized:  0.9966694695194509\n",
      "Output basis:  LH ; Sum of counts normalized:  0.9939751362210931\n",
      "Output basis:  HD ; Sum of counts normalized:  0.9983315131207591\n",
      "Output basis:  HL ; Sum of counts normalized:  0.9988545981220541\n",
      "Output basis:  HH ; Sum of counts normalized:  1.0\n",
      "\n",
      " Fast maximum likelihood estimation: \n",
      " [[ 3.34350517e-03+2.92261391e-19j  3.35593553e-03+2.78185814e-03j\n",
      "   3.80295160e-03+1.32912936e-03j  2.64958711e-04-2.18364501e-03j]\n",
      " [ 3.35593553e-03-2.78185814e-03j  4.99042903e-01-8.36030746e-17j\n",
      "   4.94792226e-01+1.49676629e-02j -2.26196395e-03-3.31813682e-03j]\n",
      " [ 3.80295160e-03-1.32912936e-03j  4.94792226e-01-1.49676629e-02j\n",
      "   4.95787871e-01+8.29325729e-17j -2.52265750e-03-3.42061481e-03j]\n",
      " [ 2.64958711e-04+2.18364501e-03j -2.26196395e-03+3.31813682e-03j\n",
      "  -2.52265750e-03+3.42061481e-03j  1.82572077e-03+3.78240251e-19j]] \n",
      "\n",
      "10 StateTomography202205271855AfterChannel\n",
      "Output basis:  DD ; Sum of counts normalized:  1.0\n",
      "Output basis:  DL ; Sum of counts normalized:  0.9977677030910708\n",
      "Output basis:  DH ; Sum of counts normalized:  0.9970487216841772\n",
      "Output basis:  LD ; Sum of counts normalized:  0.9951661218544844\n",
      "Output basis:  LL ; Sum of counts normalized:  0.9959858616860545\n",
      "Output basis:  LH ; Sum of counts normalized:  0.9965798716410448\n",
      "Output basis:  HD ; Sum of counts normalized:  0.9973633957602049\n",
      "Output basis:  HL ; Sum of counts normalized:  0.9939402684104753\n",
      "Output basis:  HH ; Sum of counts normalized:  0.9986288014787378\n",
      "\n",
      " Fast maximum likelihood estimation: \n",
      " [[ 3.03371325e-03+2.13297644e-19j -1.05587969e-03+4.33671403e-03j\n",
      "  -4.10886916e-04+1.27528102e-03j  2.89069874e-04-7.55353609e-04j]\n",
      " [-1.05587969e-03-4.33671403e-03j  5.00567179e-01+3.57015367e-17j\n",
      "   4.94176194e-01+1.89562509e-02j  2.80215895e-03-4.65388968e-03j]\n",
      " [-4.10886916e-04-1.27528102e-03j  4.94176194e-01-1.89562509e-02j\n",
      "   4.95304034e-01-3.36250329e-17j  1.75055765e-03-4.50332298e-03j]\n",
      " [ 2.89069874e-04+7.55353609e-04j  2.80215895e-03+4.65388968e-03j\n",
      "   1.75055765e-03+4.50332298e-03j  1.09507387e-03-2.28980142e-18j]] \n",
      "\n",
      "10 StateTomography202205271928BeforeChannel\n",
      "Output basis:  DD ; Sum of counts normalized:  0.9987900126505128\n",
      "Output basis:  DL ; Sum of counts normalized:  1.0\n",
      "Output basis:  DH ; Sum of counts normalized:  0.993271771231981\n",
      "Output basis:  LD ; Sum of counts normalized:  0.9964526400716276\n",
      "Output basis:  LL ; Sum of counts normalized:  0.9947376148058759\n",
      "Output basis:  LH ; Sum of counts normalized:  0.9936965098656321\n",
      "Output basis:  HD ; Sum of counts normalized:  0.991189619314963\n",
      "Output basis:  HL ; Sum of counts normalized:  0.9906104857129855\n",
      "Output basis:  HH ; Sum of counts normalized:  0.9979671657213134\n",
      "\n",
      " Fast maximum likelihood estimation: \n",
      " [[ 0.47161971-3.23900132e-18j  0.11883364-2.18292977e-03j\n",
      "   0.0274662 +1.13418566e-01j -0.10399565-4.54481415e-01j]\n",
      " [ 0.11883364+2.18292977e-03j  0.03274189+1.31226304e-17j\n",
      "   0.00912118+2.87881701e-02j -0.02320616-1.16382689e-01j]\n",
      " [ 0.0274662 -1.13418566e-01j  0.00912118-2.87881701e-02j\n",
      "   0.03185416+1.16193427e-17j -0.1149539 -2.19776949e-03j]\n",
      " [-0.10399565+4.54481415e-01j -0.02320616+1.16382689e-01j\n",
      "  -0.1149539 +2.19776949e-03j  0.46378424-2.15029717e-17j]] \n",
      "\n",
      "11 StateTomography202205280818AfterChannel\n",
      "Output basis:  DD ; Sum of counts normalized:  1.0\n",
      "Output basis:  DL ; Sum of counts normalized:  0.9890866382366498\n",
      "Output basis:  DH ; Sum of counts normalized:  0.9930962833601614\n",
      "Output basis:  LD ; Sum of counts normalized:  0.9900054047764706\n",
      "Output basis:  LL ; Sum of counts normalized:  0.9933260824707109\n",
      "Output basis:  LH ; Sum of counts normalized:  0.9927769908038642\n",
      "Output basis:  HD ; Sum of counts normalized:  0.9928675679173048\n",
      "Output basis:  HL ; Sum of counts normalized:  0.9937921393583817\n",
      "Output basis:  HH ; Sum of counts normalized:  0.9982238263940098\n"
     ]
    },
    {
     "name": "stdout",
     "output_type": "stream",
     "text": [
      "\n",
      " Fast maximum likelihood estimation: \n",
      " [[ 2.50079919e-03+2.48037644e-19j  9.67852958e-04+7.79135186e-03j\n",
      "   1.60115991e-03+6.18838084e-03j  4.43463411e-04-1.67785454e-03j]\n",
      " [ 9.67852958e-04-7.79135186e-03j  5.00624725e-01-1.32481521e-16j\n",
      "   4.94224787e-01-3.09135764e-03j -8.68018331e-04-7.45809428e-03j]\n",
      " [ 1.60115991e-03-6.18838084e-03j  4.94224787e-01+3.09135764e-03j\n",
      "   4.94153040e-01+1.31115053e-16j -2.10117916e-03-6.36568401e-03j]\n",
      " [ 4.43463411e-04+1.67785454e-03j -8.68018331e-04+7.45809428e-03j\n",
      "  -2.10117916e-03+6.36568401e-03j  2.72143551e-03+1.11842967e-18j]] \n",
      "\n",
      "11 StateTomography202205280838BeforeChannel\n",
      "Output basis:  DD ; Sum of counts normalized:  0.9961690506827063\n",
      "Output basis:  DL ; Sum of counts normalized:  0.9915018393591539\n",
      "Output basis:  DH ; Sum of counts normalized:  0.9967731911334186\n",
      "Output basis:  LD ; Sum of counts normalized:  0.9882645988365799\n",
      "Output basis:  LL ; Sum of counts normalized:  0.9911486299175183\n",
      "Output basis:  LH ; Sum of counts normalized:  0.9872494727479448\n",
      "Output basis:  HD ; Sum of counts normalized:  0.9913023033266408\n",
      "Output basis:  HL ; Sum of counts normalized:  0.9947142830661166\n",
      "Output basis:  HH ; Sum of counts normalized:  1.0\n",
      "\n",
      " Fast maximum likelihood estimation: \n",
      " [[ 5.01355405e-01+3.99292746e-18j -2.97239665e-02-3.38321918e-02j\n",
      "   4.38519067e-02-2.08432791e-02j  4.69919332e-01+1.35336833e-01j]\n",
      " [-2.97239665e-02+3.38321918e-02j  5.83999891e-03-1.52214915e-17j\n",
      "  -4.93473255e-04+1.97971032e-03j -3.87101101e-02+2.02808534e-02j]\n",
      " [ 4.38519067e-02+2.08432791e-02j -4.93473255e-04-1.97971032e-03j\n",
      "   7.70929576e-03+2.45160602e-17j  3.90105663e-02+2.79260261e-02j]\n",
      " [ 4.69919332e-01-1.35336833e-01j -3.87101101e-02-2.02808534e-02j\n",
      "   3.90105663e-02-2.79260261e-02j  4.85095300e-01-1.32874961e-17j]] \n",
      "\n",
      "12 StateTomography202205261159BeforeChannel\n",
      "Output basis:  DD ; Sum of counts normalized:  1.0\n",
      "Output basis:  DL ; Sum of counts normalized:  0.9923144194855432\n",
      "Output basis:  DH ; Sum of counts normalized:  0.9923790593372133\n",
      "Output basis:  LD ; Sum of counts normalized:  0.9868869825630006\n",
      "Output basis:  LL ; Sum of counts normalized:  0.9904041529621912\n",
      "Output basis:  LH ; Sum of counts normalized:  0.9875867167447089\n",
      "Output basis:  HD ; Sum of counts normalized:  0.9877649701717843\n",
      "Output basis:  HL ; Sum of counts normalized:  0.9879106027851985\n",
      "Output basis:  HH ; Sum of counts normalized:  0.9961714495692727\n",
      "\n",
      " Fast maximum likelihood estimation: \n",
      " [[ 0.48762867+4.09725398e-17j -0.01551144-6.01809405e-02j\n",
      "   0.04725895-3.74407632e-02j  0.41386251+2.45659719e-01j]\n",
      " [-0.01551144+6.01809405e-02j  0.01343648-1.54936550e-18j\n",
      "   0.0019267 +1.21784118e-02j -0.04661365+3.59806793e-02j]\n",
      " [ 0.04725895+3.74407632e-02j  0.0019267 -1.21784118e-02j\n",
      "   0.01252964-7.15795844e-19j  0.01511805+6.00829618e-02j]\n",
      " [ 0.41386251-2.45659719e-01j -0.04661365-3.59806793e-02j\n",
      "   0.01511805-6.00829618e-02j  0.48640521-3.87073785e-17j]] \n",
      "\n",
      "12 StateTomography202205261141AfterChannel_\n",
      "Output basis:  DD ; Sum of counts normalized:  0.9948575789988564\n",
      "Output basis:  DL ; Sum of counts normalized:  0.9880563620176592\n",
      "Output basis:  DH ; Sum of counts normalized:  0.9911636010893888\n",
      "Output basis:  LD ; Sum of counts normalized:  0.9823721120315339\n",
      "Output basis:  LL ; Sum of counts normalized:  0.9903732871871074\n",
      "Output basis:  LH ; Sum of counts normalized:  0.9907191286956617\n",
      "Output basis:  HD ; Sum of counts normalized:  0.9944996011242258\n",
      "Output basis:  HL ; Sum of counts normalized:  0.9952406901981853\n",
      "Output basis:  HH ; Sum of counts normalized:  1.0\n",
      "\n",
      " Fast maximum likelihood estimation: \n",
      " [[ 0.00191221+4.12901949e-20j  0.00451843+1.86353004e-03j\n",
      "   0.00490352-2.21382129e-03j -0.00195135-9.84104057e-04j]\n",
      " [ 0.00451843-1.86353004e-03j  0.49553179-1.90301796e-16j\n",
      "   0.49250263+2.88193331e-03j -0.00442242+1.78672518e-03j]\n",
      " [ 0.00490352+2.21382129e-03j  0.49250263-2.88193331e-03j\n",
      "   0.49960135+1.91341621e-16j -0.00272881-3.26942432e-03j]\n",
      " [-0.00195135+9.84104057e-04j -0.00442242-1.78672518e-03j\n",
      "  -0.00272881+3.26942432e-03j  0.00295465-1.08111483e-18j]] \n",
      "\n",
      "12 StateTomography202205261102AfterChannel\n",
      "Output basis:  DD ; Sum of counts normalized:  0.996900142151687\n",
      "Output basis:  DL ; Sum of counts normalized:  0.9933668643432841\n",
      "Output basis:  DH ; Sum of counts normalized:  0.9949517641020801\n",
