{
 "cells": [
  {
   "cell_type": "code",
   "execution_count": 1,
   "metadata": {},
   "outputs": [],
   "source": [
    "import numpy as np\n",
    "import scipy\n",
    "import time\n",
    "import math\n",
    "from scipy.stats import norm\n",
    "\n",
    "import mystic\n",
    "from mystic.solvers import DifferentialEvolutionSolver, diffev2\n",
    "from mystic.strategy import Best1Bin\n",
    "from mystic.monitors import Monitor,VerboseMonitor\n",
    "\n",
    "from copy import deepcopy\n",
    "\n",
    "from tomography import *\n",
    "\n",
    "from NestedForLoop import get_iterator\n",
    "from pathlib import Path\n",
    "from scipy.linalg import sqrtm\n",
    "\n",
    "import matplotlib.pyplot as plt\n",
    "from scipy.optimize import curve_fit\n",
    "\n",
    "import os\n",
    "import glob\n",
    "\n",
    "import pandas as pd\n",
    "\n",
    "from scipy.optimize import least_squares\n",
    "\n",
    "import fnmatch\n",
    "from efficiencies import finding_file, get_channels_eff, set_raw_counts\n",
    "from optimization import Optimizer, function_fidelity, FidelityResults\n",
    "from constants import *\n",
    "\n",
    "from densitymatrix import DensityMatrix\n",
    "\n",
    "from pathlib import Path\n",
    "import fnmatch"
   ]
  },
  {
   "cell_type": "code",
   "execution_count": 2,
   "metadata": {},
   "outputs": [],
   "source": [
    "######################################################################################################\n",
    "#----- COUNTING THE FILES AND SAVING THEM IN AN ARRAY TO MAKES THE REST OF THE ANALYSIS EASIER -------\n",
    "######################################################################################################\n",
    "\n",
    "n_files=0\n",
    "working_dir=r\"C:\\Users\\Simon\\Documents\\Travail\\ChannelCertification\\Stability\\StabilityNight24052022\"\n",
    "os.chdir(working_dir)\n",
    "\n",
    "filenames = [i for i in glob.glob(\"StateTomography*\")]\n",
    "\n",
    "index_to_file = {}\n",
    "\n",
    "for index, filename in enumerate(filenames):\n",
    "    index_to_file[n_files] = f\"{filename}\"\n",
    "    n_files+=1"
   ]
  },
  {
   "cell_type": "code",
   "execution_count": 3,
   "metadata": {
    "scrolled": true
   },
   "outputs": [
    {
     "name": "stdout",
     "output_type": "stream",
     "text": [
      "C:\\Users\\Simon\\Documents\\Travail\\ChannelCertification\\Stability\\StabilityNight24052022\\StateTomography20220524232053\n",
      "\n",
      " Fast maximum likelihood estimation: \n",
      " array([[ 4.78925844e-03-5.04931188e-19j,  3.77233087e-03+6.39476451e-03j,\n",
      "         5.55821414e-03+9.58580136e-04j, -2.12242267e-04-1.68196921e-05j],\n",
      "       [ 3.77233087e-03-6.39476451e-03j,  5.01215032e-01+8.34937222e-17j,\n",
      "         4.93802070e-01+1.10774665e-02j, -8.16853425e-04-7.13521761e-03j],\n",
      "       [ 5.55821414e-03-9.58580136e-04j,  4.93802070e-01-1.10774665e-02j,\n",
      "         4.93873457e-01-8.30430565e-17j, -1.14323112e-03-7.33606783e-03j],\n",
      "       [-2.12242267e-04+1.68196921e-05j, -8.16853425e-04+7.13521761e-03j,\n",
      "        -1.14323112e-03+7.33606783e-03j,  1.22252690e-04+5.42654757e-20j]]) \n",
      "\n",
      "C:\\Users\\Simon\\Documents\\Travail\\ChannelCertification\\Stability\\StabilityNight24052022\\StateTomography20220524233658\n",
      "\n",
      " Fast maximum likelihood estimation: \n",
      " array([[ 4.88462837e-03+1.82977100e-18j,  4.11661529e-03+5.85854020e-03j,\n",
      "         5.74149493e-03+2.12639401e-04j, -2.57357508e-04+5.77996310e-04j],\n",
      "       [ 4.11661529e-03-5.85854020e-03j,  5.01040199e-01+4.05189932e-17j,\n",
      "         4.93617652e-01+1.02175531e-02j, -1.96211657e-04-7.44998808e-03j],\n",
      "       [ 5.74149493e-03-2.12639401e-04j,  4.93617652e-01-1.02175531e-02j,\n",
      "         4.93853690e-01-4.33289048e-17j, -1.23162258e-03-7.49801820e-03j],\n",
      "       [-2.57357508e-04-5.77996310e-04j, -1.96211657e-04+7.44998808e-03j,\n",
      "        -1.23162258e-03+7.49801820e-03j,  2.21482570e-04+9.80140667e-19j]]) \n",
      "\n",
      "C:\\Users\\Simon\\Documents\\Travail\\ChannelCertification\\Stability\\StabilityNight24052022\\StateTomography20220524235304\n",
      "\n",
      " Fast maximum likelihood estimation: \n",
      " array([[ 4.63739633e-03+5.76252952e-19j,  4.03106701e-03+6.50020740e-03j,\n",
      "         5.47345338e-03+9.62300422e-04j, -1.25258761e-04+6.04696122e-04j],\n",
      "       [ 4.03106701e-03-6.50020740e-03j,  5.01194080e-01+5.53554811e-17j,\n",
      "         4.93768922e-01+9.40720193e-03j, -7.64537639e-04-7.39843870e-03j],\n",
      "       [ 5.47345338e-03-9.62300422e-04j,  4.93768922e-01-9.40720193e-03j,\n",
      "         4.93947390e-01-5.60658843e-17j, -1.79206929e-03-7.29477030e-03j],\n",
      "       [-1.25258761e-04-6.04696122e-04j, -7.64537639e-04+7.39843870e-03j,\n",
      "        -1.79206929e-03+7.29477030e-03j,  2.21133967e-04+1.34150216e-19j]]) \n",
      "\n",
      "C:\\Users\\Simon\\Documents\\Travail\\ChannelCertification\\Stability\\StabilityNight24052022\\StateTomography20220525000909\n",
      "\n",
      " Fast maximum likelihood estimation: \n",
      " array([[ 4.77923270e-03-3.31932135e-19j,  3.91246263e-03+5.97535704e-03j,\n",
      "         5.54865277e-03+5.33573362e-04j, -2.13367892e-04+2.30917311e-04j],\n",
      "       [ 3.91246263e-03-5.97535704e-03j,  5.00400564e-01-8.28613311e-17j,\n",
      "         4.93974299e-01+6.97954240e-03j, -8.05820147e-04-7.22544162e-03j],\n",
      "       [ 5.54865277e-03-5.33573362e-04j,  4.93974299e-01-6.97954240e-03j,\n",
      "         4.94677314e-01+8.36674859e-17j, -1.35142216e-03-7.34892518e-03j],\n",
      "       [-2.13367892e-04-2.30917311e-04j, -8.05820147e-04+7.22544162e-03j,\n",
      "        -1.35142216e-03+7.34892518e-03j,  1.42889272e-04-4.74222690e-19j]]) \n",
      "\n",
      "C:\\Users\\Simon\\Documents\\Travail\\ChannelCertification\\Stability\\StabilityNight24052022\\StateTomography20220525002515\n",
      "\n",
      " Fast maximum likelihood estimation: \n",
      " array([[ 4.93193210e-03+3.42286062e-19j,  4.20484167e-03+5.45036110e-03j,\n",
      "         6.12689887e-03+1.94630029e-04j, -2.32271781e-04-1.42727005e-04j],\n",
      "       [ 4.20484167e-03-5.45036110e-03j,  5.00322852e-01+2.77560867e-17j,\n",
      "         4.94139791e-01+5.92959228e-03j, -1.02312995e-03-6.66469790e-03j],\n",
      "       [ 6.12689887e-03-1.94630029e-04j,  4.94139791e-01-5.92959228e-03j,\n",
      "         4.94635017e-01-2.80706049e-17j, -1.13250269e-03-6.92289388e-03j],\n",
      "       [-2.32271781e-04+1.42727005e-04j, -1.02312995e-03+6.66469790e-03j,\n",
      "        -1.13250269e-03+6.92289388e-03j,  1.10198610e-04-2.77679010e-20j]]) \n",
      "\n",
      "C:\\Users\\Simon\\Documents\\Travail\\ChannelCertification\\Stability\\StabilityNight24052022\\StateTomography20220525004120\n",
      "\n",
      " Fast maximum likelihood estimation: \n",
      " array([[ 4.37051316e-03+5.64106304e-19j,  4.53966431e-03+6.19548680e-03j,\n",
      "         5.54302137e-03+8.40660775e-04j, -2.27490935e-04+1.07433176e-03j],\n",
      "       [ 4.53966431e-03-6.19548680e-03j,  5.00407632e-01-8.89750901e-19j,\n",
      "         4.94106880e-01+2.96694596e-03j, -7.10391763e-04-6.72700445e-03j],\n",
      "       [ 5.54302137e-03-8.40660775e-04j,  4.94106880e-01-2.96694596e-03j,\n",
      "         4.94800805e-01-8.79781671e-19j, -2.24680617e-03-6.72243326e-03j],\n",
      "       [-2.27490935e-04-1.07433176e-03j, -7.10391763e-04+6.72700445e-03j,\n",
      "        -2.24680617e-03+6.72243326e-03j,  4.21049753e-04+1.20542627e-18j]]) \n",
      "\n",
      "C:\\Users\\Simon\\Documents\\Travail\\ChannelCertification\\Stability\\StabilityNight24052022\\StateTomography20220525005725\n",
      "\n",
      " Fast maximum likelihood estimation: \n",
      " array([[ 4.67008020e-03+3.84420049e-20j,  4.56609896e-03+6.01900359e-03j,\n",
      "         5.75691318e-03+6.10539792e-04j, -2.58261729e-04+3.42102787e-04j],\n",
      "       [ 4.56609896e-03-6.01900359e-03j,  5.00177524e-01+8.25215782e-17j,\n",
      "         4.94147651e-01+5.30566192e-03j, -6.88616259e-04-7.13938787e-03j],\n",
      "       [ 5.75691318e-03-6.10539792e-04j,  4.94147651e-01-5.30566192e-03j,\n",
      "         4.94986578e-01-8.37160891e-17j, -1.34430244e-03-7.32587624e-03j],\n",
      "       [-2.58261729e-04-3.42102787e-04j, -6.88616259e-04+7.13938787e-03j,\n",
      "        -1.34430244e-03+7.32587624e-03j,  1.65817806e-04+1.15606883e-18j]]) \n",
      "\n",
      "C:\\Users\\Simon\\Documents\\Travail\\ChannelCertification\\Stability\\StabilityNight24052022\\StateTomography20220525011331\n",
      "\n",
      " Fast maximum likelihood estimation: \n",
      " array([[ 4.51309962e-03+1.12559429e-18j,  4.44658453e-03+6.24155310e-03j,\n",
      "         5.53691854e-03+8.45116555e-04j, -2.65304347e-04+5.55678090e-04j],\n",
      "       [ 4.44658453e-03-6.24155310e-03j,  5.00398893e-01-2.79789564e-17j,\n",
      "         4.94164309e-01+3.49565725e-03j, -9.58130878e-04-7.20292250e-03j],\n",
      "       [ 5.53691854e-03-8.45116555e-04j,  4.94164309e-01-3.49565725e-03j,\n",
      "         4.94864395e-01+2.78416469e-17j, -1.85901575e-03-7.35745023e-03j],\n",
      "       [-2.65304347e-04-5.55678090e-04j, -9.58130878e-04+7.20292250e-03j,\n",
      "        -1.85901575e-03+7.35745023e-03j,  2.23611696e-04-9.88284824e-19j]]) \n",
      "\n",
      "C:\\Users\\Simon\\Documents\\Travail\\ChannelCertification\\Stability\\StabilityNight24052022\\StateTomography20220525012936\n",
      "\n",
      " Fast maximum likelihood estimation: \n",
      " array([[ 4.66846063e-03-5.05794435e-19j,  4.66311899e-03+6.31733846e-03j,\n",
      "         5.64030817e-03+8.79205891e-04j, -9.86499881e-05+3.50295341e-04j],\n",
      "       [ 4.66311899e-03-6.31733846e-03j,  5.00292561e-01-1.34480837e-17j,\n",
      "         4.94176156e-01+4.91490703e-03j, -9.53263822e-04-7.42155199e-03j],\n",
      "       [ 5.64030817e-03-8.79205891e-04j,  4.94176156e-01-4.91490703e-03j,\n",
      "         4.94878695e-01+1.38523106e-17j, -1.57206585e-03-7.43563347e-03j],\n",
      "       [-9.86499881e-05-3.50295341e-04j, -9.53263822e-04+7.42155199e-03j,\n",
      "        -1.57206585e-03+7.43563347e-03j,  1.60283090e-04+1.01567538e-19j]]) \n",
      "\n",
      "C:\\Users\\Simon\\Documents\\Travail\\ChannelCertification\\Stability\\StabilityNight24052022\\StateTomography20220525014542\n",
      "\n",
      " Fast maximum likelihood estimation: \n",
      " array([[ 4.65003648e-03+2.04608958e-19j,  4.70154581e-03+5.64009053e-03j,\n",
      "         6.09389586e-03+4.83648103e-04j, -2.64766399e-04+1.71850745e-04j],\n",
      "       [ 4.70154581e-03-5.64009053e-03j,  5.00613826e-01-6.90179613e-17j,\n",
      "         4.94384103e-01+5.18946874e-03j, -1.36881913e-03-7.13402751e-03j],\n",
      "       [ 6.09389586e-03-4.83648103e-04j,  4.94384103e-01-5.18946874e-03j,\n",
      "         4.94592190e-01+6.95885255e-17j, -1.82359739e-03-7.32221174e-03j],\n",
      "       [-2.64766399e-04-1.71850745e-04j, -1.36881913e-03+7.13402751e-03j,\n",
      "        -1.82359739e-03+7.32221174e-03j,  1.43947987e-04-7.75173179e-19j]]) \n",
      "\n",
      "C:\\Users\\Simon\\Documents\\Travail\\ChannelCertification\\Stability\\StabilityNight24052022\\StateTomography20220525020147\n",
      "\n",
      " Fast maximum likelihood estimation: \n",
      " array([[ 4.72586486e-03-2.71203029e-19j,  5.18015234e-03+6.07390940e-03j,\n",
      "         6.26978865e-03+7.30972562e-04j,  3.33793344e-05+4.21553039e-04j],\n",
      "       [ 5.18015234e-03-6.07390940e-03j,  5.00366118e-01+2.52173376e-19j,\n",
      "         4.94234553e-01+5.18074799e-03j, -1.08251619e-03-8.17057273e-03j],\n",
      "       [ 6.26978865e-03-7.30972562e-04j,  4.94234553e-01-5.18074799e-03j,\n",
      "         4.94712969e-01+2.49324315e-19j, -1.76928236e-03-7.98511211e-03j],\n",
      "       [ 3.33793344e-05-4.21553039e-04j, -1.08251619e-03+8.17057273e-03j,\n"
     ]
    },
    {
     "name": "stdout",
     "output_type": "stream",
     "text": [
      "        -1.76928236e-03+7.98511211e-03j,  1.95048265e-04-2.30294662e-19j]]) \n",
      "\n",
      "C:\\Users\\Simon\\Documents\\Travail\\ChannelCertification\\Stability\\StabilityNight24052022\\StateTomography20220525021753\n",
      "\n",
      " Fast maximum likelihood estimation: \n",
      " array([[ 4.60407589e-03+6.07093366e-20j,  4.63742740e-03+6.41680712e-03j,\n",
      "         6.11512249e-03+9.85819579e-04j, -2.41063809e-04+5.84426052e-04j],\n",
      "       [ 4.63742740e-03-6.41680712e-03j,  5.00708032e-01-9.69632781e-17j,\n",
      "         4.93936081e-01+6.61339883e-03j, -9.84526395e-04-7.32302529e-03j],\n",
      "       [ 6.11512249e-03-9.85819579e-04j,  4.93936081e-01-6.61339883e-03j,\n",
      "         4.94456460e-01+9.78433002e-17j, -1.98855888e-03-7.36292323e-03j],\n",
      "       [-2.41063809e-04-5.84426052e-04j, -9.84526395e-04+7.32302529e-03j,\n",
      "        -1.98855888e-03+7.36292323e-03j,  2.31431647e-04-9.40731383e-19j]]) \n",
      "\n",
      "C:\\Users\\Simon\\Documents\\Travail\\ChannelCertification\\Stability\\StabilityNight24052022\\StateTomography20220525023358\n",
      "\n",
      " Fast maximum likelihood estimation: \n",
      " array([[ 4.47224084e-03-8.66866724e-19j,  4.56485113e-03+6.92038969e-03j,\n",
      "         5.70107632e-03+1.58109658e-03j, -1.82567575e-04+3.18116094e-04j],\n",
      "       [ 4.56485113e-03-6.92038969e-03j,  5.00267126e-01+1.25180783e-16j,\n",
      "         4.94138229e-01+7.12508069e-03j, -1.89832866e-03-7.09858467e-03j],\n",
      "       [ 5.70107632e-03-1.58109658e-03j,  4.94138229e-01-7.12508069e-03j,\n",
      "         4.95098075e-01-1.24478905e-16j, -2.55670346e-03-7.18604039e-03j],\n",
      "       [-1.82567575e-04-3.18116094e-04j, -1.89832866e-03+7.09858467e-03j,\n",
      "        -2.55670346e-03+7.18604039e-03j,  1.62557766e-04+1.64988323e-19j]]) \n",
      "\n",
      "C:\\Users\\Simon\\Documents\\Travail\\ChannelCertification\\Stability\\StabilityNight24052022\\StateTomography20220525025003\n",
      "\n",
      " Fast maximum likelihood estimation: \n",
      " array([[ 4.98598477e-03+8.82893775e-19j,  5.10321587e-03+5.74352192e-03j,\n",
      "         6.67853570e-03+6.73739043e-04j, -5.62362949e-05-4.82161570e-04j],\n",
      "       [ 5.10321587e-03-5.74352192e-03j,  5.00302865e-01-1.43425340e-17j,\n",
      "         4.94270941e-01+8.12612434e-03j, -1.83803562e-03-7.84958224e-03j],\n",
      "       [ 6.67853570e-03-6.73739043e-04j,  4.94270941e-01-8.12612434e-03j,\n",
      "         4.94519291e-01+1.32579849e-17j, -1.65574078e-03-8.00696688e-03j],\n",
      "       [-5.62362949e-05+4.82161570e-04j, -1.83803562e-03+7.84958224e-03j,\n",
      "        -1.65574078e-03+8.00696688e-03j,  1.91859185e-04+2.01655359e-19j]]) \n",
      "\n",
      "C:\\Users\\Simon\\Documents\\Travail\\ChannelCertification\\Stability\\StabilityNight24052022\\StateTomography20220525030609\n",
      "\n",
      " Fast maximum likelihood estimation: \n",
      " array([[ 4.49493034e-03+4.85494820e-19j,  4.24986052e-03+6.42487265e-03j,\n",
      "         6.09301603e-03+1.27572937e-03j, -3.70404963e-04+7.96765839e-05j],\n",
      "       [ 4.24986052e-03-6.42487265e-03j,  5.01303696e-01+8.27936232e-17j,\n",
      "         4.94065611e-01+8.97055258e-03j, -1.57293485e-03-7.12855648e-03j],\n",
      "       [ 6.09301603e-03-1.27572937e-03j,  4.94065611e-01-8.97055258e-03j,\n",
      "         4.94043253e-01-8.37329785e-17j, -2.07265558e-03-7.44941062e-03j],\n",
      "       [-3.70404963e-04-7.96765839e-05j, -1.57293485e-03+7.12855648e-03j,\n",
      "        -2.07265558e-03+7.44941062e-03j,  1.58120117e-04+4.53860434e-19j]]) \n",
      "\n",
      "C:\\Users\\Simon\\Documents\\Travail\\ChannelCertification\\Stability\\StabilityNight24052022\\StateTomography20220525032214\n",
      "\n",
      " Fast maximum likelihood estimation: \n",
      " array([[ 4.82952618e-03-3.63676056e-19j,  5.53478361e-03+5.74583612e-03j,\n",
      "         6.70677642e-03+6.36532571e-04j, -2.19314894e-04+5.38402538e-05j],\n",
      "       [ 5.53478361e-03-5.74583612e-03j,  5.00011722e-01-8.27877972e-17j,\n",
      "         4.94370904e-01+9.62837995e-03j, -1.07416510e-03-7.93170317e-03j],\n",
      "       [ 6.70677642e-03-6.36532571e-04j,  4.94370904e-01-9.62837995e-03j,\n",
      "         4.95006623e-01+8.37408624e-17j, -1.46886884e-03-8.10456123e-03j],\n",
      "       [-2.19314894e-04-5.38402538e-05j, -1.07416510e-03+7.93170317e-03j,\n",
      "        -1.46886884e-03+8.10456123e-03j,  1.52128840e-04-5.89389217e-19j]]) \n",
      "\n",
      "C:\\Users\\Simon\\Documents\\Travail\\ChannelCertification\\Stability\\StabilityNight24052022\\StateTomography20220525033820\n",
      "\n",
      " Fast maximum likelihood estimation: \n",
      " array([[ 4.39989210e-03+2.00442563e-18j,  4.56991303e-03+6.85344779e-03j,\n",
      "         6.14427998e-03+1.61735853e-03j, -3.61023967e-04+6.37485496e-04j],\n",
      "       [ 4.56991303e-03-6.85344779e-03j,  5.00701898e-01+1.33986898e-17j,\n",
      "         4.93905543e-01+1.07805575e-02j, -1.91162549e-03-7.04059501e-03j],\n",
      "       [ 6.14427998e-03-1.61735853e-03j,  4.93905543e-01-1.07805575e-02j,\n",
      "         4.94622271e-01-1.48565895e-17j, -3.11600969e-03-7.14010460e-03j],\n",
      "       [-3.61023967e-04-6.37485496e-04j, -1.91162549e-03+7.04059501e-03j,\n",
      "        -3.11600969e-03+7.14010460e-03j,  2.75938910e-04-5.46525853e-19j]]) \n",
      "\n",
      "C:\\Users\\Simon\\Documents\\Travail\\ChannelCertification\\Stability\\StabilityNight24052022\\StateTomography20220525035425\n",
      "\n",
      " Fast maximum likelihood estimation: \n",
      " array([[ 4.43519900e-03+1.24983711e-18j,  4.57981163e-03+6.37847852e-03j,\n",
      "         6.20524858e-03+1.40987858e-03j, -3.08880039e-04+6.80952723e-05j],\n",
      "       [ 4.57981163e-03-6.37847852e-03j,  5.00742239e-01+1.10425250e-16j,\n",
      "         4.94228858e-01+9.90962660e-03j, -1.66335621e-03-6.87692467e-03j],\n",
      "       [ 6.20524858e-03-1.40987858e-03j,  4.94228858e-01-9.90962660e-03j,\n",
      "         4.94647522e-01-1.12625557e-16j, -2.18242563e-03-7.15458449e-03j],\n",
      "       [-3.08880039e-04-6.80952723e-05j, -1.66335621e-03+6.87692467e-03j,\n",
      "        -2.18242563e-03+7.15458449e-03j,  1.75040629e-04+9.50470052e-19j]]) \n",
      "\n",
      "C:\\Users\\Simon\\Documents\\Travail\\ChannelCertification\\Stability\\StabilityNight24052022\\StateTomography20220525041031\n",
      "\n",
      " Fast maximum likelihood estimation: \n",
      " array([[ 4.36497115e-03-3.35334904e-19j,  4.42816893e-03+6.28906215e-03j,\n",
      "         6.08171748e-03+1.60945842e-03j, -1.56533161e-04-2.09032731e-04j],\n",
      "       [ 4.42816893e-03-6.28906215e-03j,  5.00904672e-01-1.10894505e-16j,\n",
      "         4.94185273e-01+8.81876143e-03j, -2.00194283e-03-6.80036149e-03j],\n",
      "       [ 6.08171748e-03-1.60945842e-03j,  4.94185273e-01-8.81876143e-03j,\n",
      "         4.94411619e-01+1.11148443e-16j, -2.44391827e-03-7.05081208e-03j],\n",
      "       [-1.56533161e-04+2.09032731e-04j, -2.00194283e-03+6.80036149e-03j,\n",
      "        -2.44391827e-03+7.05081208e-03j,  3.18737513e-04+8.13964835e-20j]]) \n",
      "\n",
      "C:\\Users\\Simon\\Documents\\Travail\\ChannelCertification\\Stability\\StabilityNight24052022\\StateTomography20220525042636\n",
      "\n",
      " Fast maximum likelihood estimation: \n",
      " array([[ 4.49628819e-03+3.31948860e-19j,  5.31845193e-03+5.75919872e-03j,\n",
      "         7.11106481e-03+6.30418659e-04j, -3.79600604e-04+2.35252573e-04j],\n",
      "       [ 5.31845193e-03-5.75919872e-03j,  5.00659059e-01-1.24690959e-16j,\n",
      "         4.94123076e-01+7.36429332e-03j, -2.20763734e-03-6.96613978e-03j],\n",
      "       [ 7.11106481e-03-6.30418659e-04j,  4.94123076e-01-7.36429332e-03j,\n",
      "         4.94668864e-01+1.24608592e-16j, -2.86815150e-03-7.20569162e-03j],\n",
      "       [-3.79600604e-04-2.35252573e-04j, -2.20763734e-03+6.96613978e-03j,\n",
      "        -2.86815150e-03+7.20569162e-03j,  1.75788348e-04-2.49582798e-19j]]) \n",
      "\n",
      "C:\\Users\\Simon\\Documents\\Travail\\ChannelCertification\\Stability\\StabilityNight24052022\\StateTomography20220525044241\n",
      "\n",
      " Fast maximum likelihood estimation: \n",
      " array([[ 4.35118302e-03+9.32913836e-20j,  4.92662583e-03+5.90268051e-03j,\n",
      "         6.38696497e-03+7.62139888e-04j, -2.09667761e-04+6.43422592e-04j],\n",
      "       [ 4.92662583e-03-5.90268051e-03j,  5.00426682e-01+4.22128048e-17j,\n",
      "         4.94112898e-01+9.30301762e-03j, -1.76360814e-03-7.23599264e-03j],\n",
      "       [ 6.38696497e-03-7.62139888e-04j,  4.94112898e-01-9.30301762e-03j,\n",
      "         4.94965297e-01-4.15146098e-17j, -2.87904107e-03-7.16662655e-03j],\n",
      "       [-2.09667761e-04-6.43422592e-04j, -1.76360814e-03+7.23599264e-03j,\n",
      "        -2.87904107e-03+7.16662655e-03j,  2.56838372e-04-7.91486382e-19j]]) \n",
      "\n",
      "C:\\Users\\Simon\\Documents\\Travail\\ChannelCertification\\Stability\\StabilityNight24052022\\StateTomography20220525045847\n",
      "\n",
      " Fast maximum likelihood estimation: \n",
      " array([[ 4.43924682e-03+2.24522696e-18j,  4.94062590e-03+6.35109756e-03j,\n",
      "         6.35266037e-03+1.12577905e-03j, -2.08020261e-04+3.43296315e-04j],\n",
      "       [ 4.94062590e-03-6.35109756e-03j,  5.00478239e-01-1.44089904e-17j,\n",
      "         4.94122407e-01+8.39852914e-03j, -1.91632088e-03-7.18685005e-03j],\n",
      "       [ 6.35266037e-03-1.12577905e-03j,  4.94122407e-01-8.39852914e-03j,\n",
      "         4.94909117e-01+1.25803639e-17j, -2.64737852e-03-7.24249700e-03j],\n",
      "       [-2.08020261e-04-3.43296315e-04j, -1.91632088e-03+7.18685005e-03j,\n"
     ]
    },
    {
     "name": "stdout",
     "output_type": "stream",
     "text": [
      "        -2.64737852e-03+7.24249700e-03j,  1.73397672e-04-4.16600409e-19j]]) \n",
      "\n",
      "C:\\Users\\Simon\\Documents\\Travail\\ChannelCertification\\Stability\\StabilityNight24052022\\StateTomography20220525051452\n",
      "\n",
      " Fast maximum likelihood estimation: \n",
      " array([[ 4.55542152e-03-1.24121843e-18j,  5.41099550e-03+5.98968503e-03j,\n",
      "         6.67497375e-03+8.03659027e-04j, -2.83590316e-04+6.12818594e-05j],\n",
      "       [ 5.41099550e-03-5.98968503e-03j,  5.00295334e-01+1.46516784e-17j,\n",
      "         4.94265274e-01+8.10249635e-03j, -2.21900784e-03-6.87079571e-03j],\n",
      "       [ 6.67497375e-03-8.03659027e-04j,  4.94265274e-01-8.10249635e-03j,\n",
      "         4.95012692e-01-1.32586050e-17j, -2.60431983e-03-7.10159903e-03j],\n",
      "       [-2.83590316e-04-6.12818594e-05j, -2.21900784e-03+6.87079571e-03j,\n",
      "        -2.60431983e-03+7.10159903e-03j,  1.36552627e-04-1.51854974e-19j]]) \n",
      "\n",
      "C:\\Users\\Simon\\Documents\\Travail\\ChannelCertification\\Stability\\StabilityNight24052022\\StateTomography20220525053057\n",
      "\n",
      " Fast maximum likelihood estimation: \n",
      " array([[ 4.24520833e-03+5.23332390e-20j,  5.23891540e-03+5.61810506e-03j,\n",
      "         6.86395573e-03+7.47392811e-04j, -2.76261518e-04+1.43159415e-04j],\n",
      "       [ 5.23891540e-03-5.61810506e-03j,  5.00349177e-01+1.80225711e-16j,\n",
      "         4.94296347e-01+8.15213524e-03j, -2.71270923e-03-6.50846233e-03j],\n",
      "       [ 6.86395573e-03-7.47392811e-04j,  4.94296347e-01-8.15213524e-03j,\n",
      "         4.95211852e-01-1.80737357e-16j, -3.31070013e-03-6.69814456e-03j],\n",
      "       [-2.76261518e-04-1.43159415e-04j, -2.71270923e-03+6.50846233e-03j,\n",
      "        -3.31070013e-03+6.69814456e-03j,  1.93762552e-04+4.59312050e-19j]]) \n",
      "\n",
      "C:\\Users\\Simon\\Documents\\Travail\\ChannelCertification\\Stability\\StabilityNight24052022\\StateTomography20220525054703\n",
      "\n",
      " Fast maximum likelihood estimation: \n",
      " array([[ 4.08349008e-03+1.50836184e-18j,  4.80182258e-03+6.42770881e-03j,\n",
      "         5.83133245e-03+1.46420572e-03j, -1.99417582e-04+5.46267203e-04j],\n",
      "       [ 4.80182258e-03-6.42770881e-03j,  4.99981797e-01-1.39256168e-16j,\n",
      "         4.94433797e-01+7.45153135e-03j, -1.66679197e-03-7.04149292e-03j],\n",
      "       [ 5.83133245e-03-1.46420572e-03j,  4.94433797e-01-7.45153135e-03j,\n",
      "         4.95696487e-01+1.38303688e-16j, -2.65503208e-03-7.10674958e-03j],\n",
      "       [-1.99417582e-04-5.46267203e-04j, -1.66679197e-03+7.04149292e-03j,\n",
      "        -2.65503208e-03+7.10674958e-03j,  2.38225268e-04-5.55881503e-19j]]) \n",
      "\n",
      "C:\\Users\\Simon\\Documents\\Travail\\ChannelCertification\\Stability\\StabilityNight24052022\\StateTomography20220525070734\n",
      "\n",
      " Fast maximum likelihood estimation: \n",
      " array([[ 4.10837642e-03-4.67689494e-19j,  5.11317238e-03+6.16244518e-03j,\n",
      "         6.10347149e-03+1.08656190e-03j, -3.56955011e-04+4.89828906e-04j],\n",
      "       [ 5.11317238e-03-6.16244518e-03j,  5.00364904e-01+1.35360027e-17j,\n",
      "         4.94365614e-01+6.37423967e-03j, -1.69059332e-03-7.03493070e-03j],\n",
      "       [ 6.10347149e-03-1.08656190e-03j,  4.94365614e-01-6.37423967e-03j,\n",
      "         4.95291177e-01-1.37939427e-17j, -2.62260488e-03-7.30638389e-03j],\n",
      "       [-3.56955011e-04-4.89828906e-04j, -1.69059332e-03+7.03493070e-03j,\n",
      "        -2.62260488e-03+7.30638389e-03j,  2.35542758e-04+7.25629530e-19j]]) \n",
      "\n",
      "C:\\Users\\Simon\\Documents\\Travail\\ChannelCertification\\Stability\\StabilityNight24052022\\StateTomography20220525072339\n",
      "\n",
      " Fast maximum likelihood estimation: \n",
      " array([[ 4.62503954e-03-8.55799762e-19j,  5.72186199e-03+5.06004681e-03j,\n",
      "         6.56525563e-03+4.81414704e-04j, -5.19189629e-05-4.57293695e-04j],\n",
      "       [ 5.72186199e-03-5.06004681e-03j,  4.99207344e-01-1.33452284e-17j,\n",
      "         4.94639842e-01+5.01992829e-03j, -2.67404720e-03-6.83561292e-03j],\n",
      "       [ 6.56525563e-03-4.81414704e-04j,  4.94639842e-01-5.01992829e-03j,\n",
      "         4.95915463e-01+1.41322960e-17j, -2.65139221e-03-7.07630402e-03j],\n",
      "       [-5.19189629e-05+4.57293695e-04j, -2.67404720e-03+6.83561292e-03j,\n",
      "        -2.65139221e-03+7.07630402e-03j,  2.52153847e-04+6.87322089e-20j]]) \n",
      "\n"
     ]
    }
   ],
   "source": [
    "os.chdir(working_dir)\n",
    "qubit_number=2\n",
    "\n",
    "state = []\n",
    "xp_counts_corrected_with_eff=[]\n",
    "\n",
    "#####################################################################\n",
    "#---------------------- STATE TOMOGRAPHY ----------------------------\n",
    "#####################################################################\n",
    "\n",
    "for index in range(len(index_to_file)):\n",
    "    os.chdir(f\"{working_dir}\\\\{index_to_file[index]}\")\n",
    "    print(f\"{working_dir}\\\\{index_to_file[index]}\")\n",
    "    datafiles=[i for i in glob.glob(\"*\")]\n",
    "                \n",
    "    ### Calculating the efficiencies of each detector\n",
    "    efficiencies=get_channels_eff(datafiles, os.getcwd())\n",
    "\n",
    "    ### Opening the data files and writing the data in counts_aux array\n",
    "    counts_aux=set_raw_counts(datafiles, qubit_number, os.getcwd())\n",
    "    xp_counts=np.array(np.transpose(counts_aux))\n",
    "\n",
    "    statetomo=LRETomography(int(qubit_number), xp_counts)\n",
    "    statetomo.run(correct_eff=efficiencies, print_nc=False)\n",
    "    xp_counts_corrected_with_eff.append(statetomo.xp_counts)\n",
    "    \n",
    "    state.append(DensityMatrix(statetomo.quantum_state.get_density_matrix()))\n",
    "    print('\\n Fast maximum likelihood estimation: \\n', state[-1], '\\n')\n"
   ]
  },
  {
   "cell_type": "code",
   "execution_count": 4,
   "metadata": {},
   "outputs": [],
   "source": [
    "######################################\n",
    "#-- DEFINING THE TARGET BELL STATE ---\n",
    "######################################\n",
    "\n",
    "#bell=(np.array([1,0,0,0])+np.array([0,0,0,1]))/np.sqrt(2)\n",
    "#bell=(np.array([1,0,0,0])-np.array([0,0,0,1]))/np.sqrt(2)\n",
    "bell=(np.array([0,1,0,0])+np.array([0,0,1,0]))/np.sqrt(2)\n",
    "#bell=(np.array([0,1,0,0])-np.array([0,0,1,0]))/np.sqrt(2)\n",
    "bellmatrix=np.array(np.outer(bell, np.conjugate(bell)))\n",
    "\n",
    "#for index in range(len(state)):\n",
    "#    print(np.real(np.round(state[index].fidelity_to_pure(bell),5)))"
   ]
  },
  {
   "cell_type": "code",
   "execution_count": 5,
   "metadata": {},
   "outputs": [
    {
     "name": "stdout",
     "output_type": "stream",
     "text": [
      "Generation 0 has ChiSquare: -0.991426\n",
      "Generation 50 has ChiSquare: -0.991623\n",
      "Generation 100 has ChiSquare: -0.991623\n",
      "STOP(\"ChangeOverGeneration with {'tolerance': 1e-08, 'generations': 100}\")\n",
      "Optimization terminated successfully.\n",
      "         Current function value: -0.991623\n",
      "         Iterations: 147\n",
      "         Function evaluations: 14800\n"
     ]
    }
   ],
   "source": [
    "##########################################################\n",
    "#----- OPTIMIZATION OF MAX FIDELITY UP TO UNITARIES ------\n",
    "##########################################################\n",
    "fid=np.zeros((n_files))\n",
    "opt_state = state[0]\n",
    "\n",
    "guess=np.array([0, 0, 0, 0, 0, 0])\n",
    "bounds=[(-np.pi,np.pi)]*6\n",
    "\n",
    "opt=Optimizer(guess, function_fidelity, results=FidelityResults)\n",
    "result=opt.optimize(opt_state, bell, bounds=bounds)\n",
    "U = np.kron(result.u1,result.u2)\n",
    "bell_target = np.transpose(np.conjugate(U))@bellmatrix@U"
   ]
  },
  {
   "cell_type": "code",
   "execution_count": 6,
   "metadata": {},
   "outputs": [
    {
     "name": "stdout",
     "output_type": "stream",
     "text": [
      "index, fidelity, fidelity_mean, fidelity_std:  0 (0.99162+0j) 0.99073 0.00041\n",
      "index, fidelity, fidelity_mean, fidelity_std:  1 (0.99131+0j) 0.99044 0.00043\n",
      "index, fidelity, fidelity_mean, fidelity_std:  2 (0.99159-0j) 0.9907 0.00046\n",
      "index, fidelity, fidelity_mean, fidelity_std:  3 (0.99169-0j) 0.9909 0.00043\n",
      "index, fidelity, fidelity_mean, fidelity_std:  4 (0.99176+0j) 0.99102 0.0004\n",
      "index, fidelity, fidelity_mean, fidelity_std:  5 (0.9918+0j) 0.99108 0.00045\n",
      "index, fidelity, fidelity_mean, fidelity_std:  6 (0.99187-0j) 0.99109 0.00044\n",
      "index, fidelity, fidelity_mean, fidelity_std:  7 (0.99191-0j) 0.9912 0.00041\n",
      "index, fidelity, fidelity_mean, fidelity_std:  8 (0.99191-0j) 0.99115 0.00042\n",
      "index, fidelity, fidelity_mean, fidelity_std:  9 (0.99213+0j) 0.99136 0.00042\n",
      "index, fidelity, fidelity_mean, fidelity_std:  10 (0.99195+0j) 0.99116 0.00044\n",
      "index, fidelity, fidelity_mean, fidelity_std:  11 (0.99171-0j) 0.9909 0.00043\n",
      "index, fidelity, fidelity_mean, fidelity_std:  12 (0.99204-0j) 0.99118 0.00044\n",
      "index, fidelity, fidelity_mean, fidelity_std:  13 (0.99192+0j) 0.99109 0.0004\n",
      "index, fidelity, fidelity_mean, fidelity_std:  14 (0.99199-0j) 0.9911 0.00043\n",
      "index, fidelity, fidelity_mean, fidelity_std:  15 (0.99215+0j) 0.99124 0.00044\n",
      "index, fidelity, fidelity_mean, fidelity_std:  16 (0.99187+0j) 0.99093 0.00043\n",
      "index, fidelity, fidelity_mean, fidelity_std:  17 (0.99219+0j) 0.99131 0.00043\n",
      "index, fidelity, fidelity_mean, fidelity_std:  18 (0.99209-0j) 0.99129 0.00042\n",
      "index, fidelity, fidelity_mean, fidelity_std:  19 (0.992+0j) 0.99116 0.00044\n",
      "index, fidelity, fidelity_mean, fidelity_std:  20 (0.99206+0j) 0.99121 0.00041\n",
      "index, fidelity, fidelity_mean, fidelity_std:  21 (0.99206-0j) 0.9912 0.00044\n",
      "index, fidelity, fidelity_mean, fidelity_std:  22 (0.99215-0j) 0.99128 0.00046\n",
      "index, fidelity, fidelity_mean, fidelity_std:  23 (0.9923+0j) 0.99147 0.00044\n",
      "index, fidelity, fidelity_mean, fidelity_std:  24 (0.99249-0j) 0.99167 0.00041\n",
      "index, fidelity, fidelity_mean, fidelity_std:  25 (0.99239+0j) 0.99156 0.00047\n",
      "index, fidelity, fidelity_mean, fidelity_std:  26 (0.99235+0j) 0.99164 0.00042\n"
     ]
    }
   ],
   "source": [
    "##########################################################\n",
    "#---------------- CALCULATING THE ERRORS -----------------\n",
    "##########################################################\n",
    "error_runs=1000\n",
    "\n",
    "mu=np.zeros((n_files))\n",
    "std=np.zeros((n_files))\n",
    "\n",
    "states=state\n",
    "for index in range(len(states)):\n",
    "\n",
    "    dm = states[index]\n",
    "    dm.calculate_errors(xp_counts_corrected_with_eff[index].counts_array, error_runs, bell)\n",
    "    \n",
    "    print('index, fidelity, fidelity_mean, fidelity_std: ',\n",
    "          index, np.round(states[index].fidelity(bell_target),5), np.round(dm.mu,5), np.round(dm.std,5))"
   ]
  },
  {
   "cell_type": "code",
   "execution_count": 7,
   "metadata": {},
   "outputs": [
    {
     "name": "stdout",
     "output_type": "stream",
     "text": [
      "[  0.          16.08333333  32.18333333  48.26666667  64.36666667\n",
      "  80.45        96.53333333 112.63333333 128.71666667 144.81666667\n",
      " 160.9        177.         193.08333333 209.16666667 225.26666667\n",
      " 241.35       257.45       273.53333333 289.63333333 305.71666667\n",
      " 321.8        337.9        353.98333333 370.06666667 386.16666667\n",
      " 466.68333333 482.76666667]\n",
      "[0.99073 0.99044 0.9907  0.9909  0.99102 0.99108 0.99109 0.9912  0.99115\n",
      " 0.99136 0.99116 0.9909  0.99118 0.99109 0.9911  0.99124 0.99093 0.99131\n",
      " 0.99129 0.99116 0.99121 0.9912  0.99128 0.99147 0.99167 0.99156 0.99164]\n",
      "[0.00041 0.00043 0.00046 0.00043 0.0004  0.00045 0.00044 0.00041 0.00042\n",
      " 0.00042 0.00044 0.00043 0.00044 0.0004  0.00043 0.00044 0.00043 0.00043\n",
      " 0.00042 0.00044 0.00041 0.00044 0.00046 0.00044 0.00041 0.00047 0.00042]\n"
     ]
    },
    {
     "data": {
      "text/plain": [
       "Text(0.5, 1.0, 'Stability of the entanglement source')"
      ]
     },
     "execution_count": 7,
     "metadata": {},
     "output_type": "execute_result"
    },
    {
     "data": {
